GKCode,GKCode Neu,Name,Markttyp,Jahr,Leerstandsrate Büro (MFG) (%),Spitzenmiete Büro City (Euro/qm),Durchschnittsmiete Büro City (Euro/qm),Nettoanfangsrendite Büro zentrale Lagen (%),Nettoanfangsrendite Büro dezentrale Lagen (%),Nettoabsorption (qm)
11000000,,Berlin,A,2000,7.6,30.68,20.96,5,6.5,290200
11000000,,Berlin,A,2001,6.8,28.1,20.96,5.3,7.1,314000
11000000,,Berlin,A,2002,7.6,24.5,18.7,5.4,7.2,107200
11000000,,Berlin,A,2003,9,22,16.9,5.5,7.3,-91330
11000000,,Berlin,A,2004,9.5,20.5,15.2,5.75,7.5,71500
11000000,,Berlin,A,2005,9.3,20.5,14.9,5.75,7.5,151800
11000000,,Berlin,A,2006,9.1,20.5,15.3,5,7.3,100492
11000000,,Berlin,A,2007,8.6,21.5,15.5,5,7.3,155066
11000000,,Berlin,A,2008,8,22,15.6,5.5,7.7,193920
11000000,,Berlin,A,2009,8.2,20.1,15.3,5.6,7.7,7214
11000000,,Berlin,A,2010,7.6,20.5,15.1,5.3,7.5,197100
11000000,,Berlin,A,2011,7,21.5,15.3,5,7.5,195900
11000000,,Berlin,A,2012,6.1,22,16,4.9,7.3,242509
11000000,,Berlin,A,2013,5.5,22.5,16.5,4.8,7.1,190442
11000000,,Berlin,A,2014,5,23,17,4.6,6.5,193760
11000000,,Berlin,A,2015,3.8,24,18.5,4.1,6,407515
11000000,,Berlin,A,2016,3,28,20.5,3.3,5,157500
11000000,,Berlin,A,2017,2.2,30,21.5,2.9,3.7,167385
11000000,,Berlin,A,2018,1.7,33.5,26,2.8,3.5,282200
05111000,,Düsseldorf,A,2000,3.8,22.5,15.98,5.25,7.4,105118
05111000,,Düsseldorf,A,2001,3.5,25.56,16.49,5.5,7.2,210463
05111000,,Düsseldorf,A,2002,7.2,22,16.7,5.5,7.4,-70000
05111000,,Düsseldorf,A,2003,10.4,21,16.5,5.5,7,-68000
05111000,,Düsseldorf,A,2004,11.3,20.5,16.1,5.75,7,28000
05111000,,Düsseldorf,A,2005,11.4,20,15.5,5.5,7,79470
05111000,,Düsseldorf,A,2006,10.8,20.5,15.3,5.25,6.8,73376
05111000,,Düsseldorf,A,2007,9.3,22,17,5,7,144604
05111000,,Düsseldorf,A,2008,9,23.6,17,5.5,7.3,101680
05111000,,Düsseldorf,A,2009,10.4,22,16.2,5.5,7.4,30317
05111000,,Düsseldorf,A,2010,12.2,21.5,16.1,5.2,7.2,-40436
05111000,,Düsseldorf,A,2011,11.3,22,16.1,5.15,7.2,105832
05111000,,Düsseldorf,A,2012,11.4,23.5,16.5,5.05,7.1,92300
05111000,,Düsseldorf,A,2013,10.9,25,16.6,5,7,74357
05111000,,Düsseldorf,A,2014,10.5,24,16.3,4.9,6.5,61343
05111000,,Düsseldorf,A,2015,8.8,24,16.6,4.6,6,136100
05111000,,Düsseldorf,A,2016,8.3,24.5,16.9,4.15,5.3,41050
05111000,,Düsseldorf,A,2017,7.2,24.5,16.9,3.7,4.3,77907
05111000,,Düsseldorf,A,2018,6.9,25.5,17,3.2,4.2,26600
06412000,,Frankfurt (Main),A,2000,2,43.46,24.09,5.1,6.3,387507
06412000,,Frankfurt (Main),A,2001,2.9,49.6,27.48,5.1,6.3,193517
06412000,,Frankfurt (Main),A,2002,9.7,40,24.4,5.25,6.5,-302482
06412000,,Frankfurt (Main),A,2003,15.8,34,19.4,5.25,6.5,-115814
06412000,,Frankfurt (Main),A,2004,19.7,31,18.3,5.7,6.7,-173946
06412000,,Frankfurt (Main),A,2005,19.5,31,17.5,5.5,6.5,111945
06412000,,Frankfurt (Main),A,2006,18.2,32,18,4.75,6.3,232953
06412000,,Frankfurt (Main),A,2007,15.9,35,18.9,4.75,6.3,246180
06412000,,Frankfurt (Main),A,2008,15.7,35,17.9,5.3,6.75,30094
06412000,,Frankfurt (Main),A,2009,17,33,17,5.4,6.75,26242
06412000,,Frankfurt (Main),A,2010,18.5,33,17,5.1,6.5,-77352
06412000,,Frankfurt (Main),A,2011,15.8,33,18,4.95,6.4,422406
06412000,,Frankfurt (Main),A,2012,13.7,33,18.5,4.9,6.3,231104
06412000,,Frankfurt (Main),A,2013,13.2,35,19,4.8,6.3,42232
06412000,,Frankfurt (Main),A,2014,12.1,35,19.3,4.7,6.2,186980
06412000,,Frankfurt (Main),A,2015,11.3,35.5,18.9,4.4,6,28219
06412000,,Frankfurt (Main),A,2016,10.7,35.5,19.1,4.1,5.4,27400
06412000,,Frankfurt (Main),A,2017,9.3,38.5,19.3,3.3,4.5,59240
06412000,,Frankfurt (Main),A,2018,7.2,39.5,20.1,3,4.1,146041
02000000,,Hamburg,A,2000,2.5,25.56,16.11,5.1,6.4,371800
02000000,,Hamburg,A,2001,2.5,25.56,16.36,5.3,7.2,137000
02000000,,Hamburg,A,2002,6.4,21.5,15.8,5.6,7.2,-129000
02000000,,Hamburg,A,2003,8.7,20,15,5.6,7.5,-92400
02000000,,Hamburg,A,2004,8.9,20,14.4,5.75,7.5,53300
02000000,,Hamburg,A,2005,8.5,20.5,14.4,5.75,7.8,148500
02000000,,Hamburg,A,2006,8.5,21,15.1,5,6.5,143000
02000000,,Hamburg,A,2007,7.8,22.5,15,4.8,6.5,241900
02000000,,Hamburg,A,2008,6.9,24,15,5.15,7.25,263970
02000000,,Hamburg,A,2009,8.2,23.3,15,5.3,7.25,-17185
02000000,,Hamburg,A,2010,9.9,22.5,15,5,6.9,-26486
02000000,,Hamburg,A,2011,7.9,23.5,16.5,4.9,6.8,370658
02000000,,Hamburg,A,2012,7,24,17.6,4.7,6.7,244840
02000000,,Hamburg,A,2013,6.7,24,17.7,4.7,6.7,148597
02000000,,Hamburg,A,2014,5.9,24.5,18,4.5,6.5,119470
02000000,,Hamburg,A,2015,5.5,25,18.2,4.1,6,71123
02000000,,Hamburg,A,2016,5.3,26,19.2,3.6,5.2,163301
02000000,,Hamburg,A,2017,4.5,26.5,19.5,3.1,4.3,107984
02000000,,Hamburg,A,2018,3.6,27.5,20,2.9,3.9,164000
05315000,,Köln,A,2000,2.2,19.94,12.78,5.9,7.7,53800
05315000,,Köln,A,2001,2.5,21.47,12.78,5.7,7.8,160700
05315000,,Köln,A,2002,4.3,20.5,12.7,5.8,7.9,17400
05315000,,Köln,A,2003,6.7,19.5,12,5.8,7.9,60200
05315000,,Köln,A,2004,8.8,18.5,11.7,6,8,7800
05315000,,Köln,A,2005,9.3,19,11.7,6,8,46300
05315000,,Köln,A,2006,10,19,11.7,5.6,7.6,20600
05315000,,Köln,A,2007,8.7,20,12.7,5.2,7.7,127943
05315000,,Köln,A,2008,8.4,21,13,5.5,7.8,101539
05315000,,Köln,A,2009,9,20.5,12.5,5.6,7.9,113587
05315000,,Köln,A,2010,8.4,20,12.4,5.4,7.8,100901
05315000,,Köln,A,2011,9.2,20,12.5,5.25,7.8,-19441
05315000,,Köln,A,2012,7.8,20.5,12.7,5.15,7.7,99200
05315000,,Köln,A,2013,7.3,21.1,12.8,5.1,7.6,72971
05315000,,Köln,A,2014,7.1,21,13,5,7.1,-4700
05315000,,Köln,A,2015,6,21,13.5,4.55,6.4,114000
05315000,,Köln,A,2016,5.6,21,14,4.1,5.5,102200
05315000,,Köln,A,2017,4,21,14.3,3.6,4.6,158680
05315000,,Köln,A,2018,2.8,22,14.5,3.4,4.4,99300
09162000,,München,A,2000,0.4,33.23,22.5,5,6.2,342528
09162000,,München,A,2001,1.5,34.77,22.75,5.25,6.3,240300
09162000,,München,A,2002,4.5,30,20.5,5.5,6.5,8056
09162000,,München,A,2003,7.9,28.5,18.25,5.6,6.5,-58435
09162000,,München,A,2004,9.9,26.5,17.5,5.85,6.6,13880
09162000,,München,A,2005,9.6,26.5,16.75,5.6,6.5,155500
09162000,,München,A,2006,7.6,28,17.3,4.75,6.1,287243
09162000,,München,A,2007,7.8,29.5,17.5,4.5,5.8,64049
09162000,,München,A,2008,8.3,31,17.8,5,5.8,101688
09162000,,München,A,2009,8.7,28.5,16.9,5.1,6,39103
09162000,,München,A,2010,9.4,27.7,17.9,4.9,5.9,83977
09162000,,München,A,2011,8.1,29.5,19,4.75,5.7,277430
09162000,,München,A,2012,6.8,30,19.5,4.65,5.6,167550
09162000,,München,A,2013,7.2,31.5,21.3,4.55,5.4,-87900
09162000,,München,A,2014,5.6,33.5,23.3,4.45,5.3,292000
09162000,,München,A,2015,3.8,34.1,23.35,3.8,5,289400
09162000,,München,A,2016,2.7,34.7,24.3,3.2,4.4,154031
09162000,,München,A,2017,2,36,25,3,3.7,143172
09162000,,München,A,2018,1.6,37,25.7,2.9,3.6,126843
08111000,,Stuttgart,A,2000,1.3,17.9,14.32,5.5,6.2,110830
08111000,,Stuttgart,A,2001,1.8,18.41,14.83,5.45,6.3,176905
08111000,,Stuttgart,A,2002,4.8,17,14.5,5.5,6.3,37246
08111000,,Stuttgart,A,2003,6.1,16,14,5.5,6.9,-14934
08111000,,Stuttgart,A,2004,6.9,16,14,5.75,6.9,63502
08111000,,Stuttgart,A,2005,6.4,16,13.5,5.7,6.9,77486
08111000,,Stuttgart,A,2006,6.4,16,13.6,5.25,6.5,40440
08111000,,Stuttgart,A,2007,6.1,16.5,13.5,5.2,6.25,47122
08111000,,Stuttgart,A,2008,6.2,17,13.7,5.4,6.8,80343
08111000,,Stuttgart,A,2009,6.1,17,13.5,5.6,6.8,31207
08111000,,Stuttgart,A,2010,6.5,16.3,13.5,5.4,6.6,2012
08111000,,Stuttgart,A,2011,5.7,17.5,14,5.2,6.5,69612
08111000,,Stuttgart,A,2012,5.3,18.9,14.5,5,6.4,70240
08111000,,Stuttgart,A,2013,5,18.7,14.4,4.9,6.4,54400
08111000,,Stuttgart,A,2014,4.3,19,14.5,4.8,6.1,72400
08111000,,Stuttgart,A,2015,3.7,19.3,14.5,4.4,5.6,102719
08111000,,Stuttgart,A,2016,2.9,19.7,14.9,3.9,5,136540
08111000,,Stuttgart,A,2017,2.1,21.4,15.2,3.5,4.2,162154
08111000,,Stuttgart,A,2018,2.4,22,16,3.3,4.1,46150
